2 64 32 401
C 0 0
32 64 65 ADD
31 63 66 ADD
30 62 67 ADD
29 61 68 ADD
28 60 69 ADD
27 59 70 ADD
26 58 71 ADD
25 57 72 ADD
24 56 73 ADD
23 55 74 ADD
22 54 75 ADD
21 53 76 ADD
20 52 77 ADD
19 51 78 ADD
18 50 79 ADD
17 49 80 ADD
16 48 81 ADD
15 47 82 ADD
14 46 83 ADD
13 45 84 ADD
12 44 85 ADD
11 43 86 ADD
10 42 87 ADD
9 41 88 ADD
8 40 89 ADD
7 39 90 ADD
6 38 91 ADD
5 37 92 ADD
4 36 93 ADD
3 35 94 ADD
2 34 95 ADD
1 33 96 ADD
32 64 97 MUL
31 63 98 MUL
30 62 99 MUL
29 61 100 MUL
28 60 101 MUL
27 59 102 MUL
26 58 103 MUL
25 57 104 MUL
24 56 105 MUL
23 55 106 MUL
22 54 107 MUL
21 53 108 MUL
20 52 109 MUL
19 51 110 MUL
18 50 111 MUL
17 49 112 MUL
16 48 113 MUL
15 47 114 MUL
14 46 115 MUL
13 45 116 MUL
12 44 117 MUL
11 43 118 MUL
10 42 119 MUL
9 41 120 MUL
8 40 121 MUL
7 39 122 MUL
6 38 123 MUL
5 37 124 MUL
4 36 125 MUL
3 35 126 MUL
2 34 127 MUL
1 33 128 MUL
65 66 129 MUL
97 66 130 MUL
130 98 131 ADD
67 68 132 MUL
99 68 133 MUL
133 100 134 ADD
69 70 135 MUL
101 70 136 MUL
136 102 137 ADD
71 72 138 MUL
103 72 139 MUL
139 104 140 ADD
73 74 141 MUL
105 74 142 MUL
142 106 143 ADD
75 76 144 MUL
107 76 145 MUL
145 108 146 ADD
77 78 147 MUL
109 78 148 MUL
148 110 149 ADD
79 80 150 MUL
111 80 151 MUL
151 112 152 ADD
81 82 153 MUL
113 82 154 MUL
154 114 155 ADD
83 84 156 MUL
115 84 157 MUL
157 116 158 ADD
85 86 159 MUL
117 86 160 MUL
160 118 161 ADD
87 88 162 MUL
119 88 163 MUL
163 120 164 ADD
89 90 165 MUL
121 90 166 MUL
166 122 167 ADD
91 92 168 MUL
123 92 169 MUL
169 124 170 ADD
93 94 171 MUL
125 94 172 MUL
172 126 173 ADD
95 96 174 MUL
127 96 175 MUL
175 128 176 ADD
129 67 177 MUL
131 67 178 MUL
178 99 179 ADD
129 132 180 MUL
131 132 181 MUL
181 134 182 ADD
135 71 183 MUL
137 71 184 MUL
184 103 185 ADD
135 138 186 MUL
137 138 187 MUL
187 140 188 ADD
141 75 189 MUL
143 75 190 MUL
190 107 191 ADD
141 144 192 MUL
143 144 193 MUL
193 146 194 ADD
147 79 195 MUL
149 79 196 MUL
196 111 197 ADD
147 150 198 MUL
149 150 199 MUL
199 152 200 ADD
153 83 201 MUL
155 83 202 MUL
202 115 203 ADD
153 156 204 MUL
155 156 205 MUL
205 158 206 ADD
159 87 207 MUL
161 87 208 MUL
208 119 209 ADD
159 162 210 MUL
161 162 211 MUL
211 164 212 ADD
165 91 213 MUL
167 91 214 MUL
214 123 215 ADD
165 168 216 MUL
167 168 217 MUL
217 170 218 ADD
171 95 219 MUL
173 95 220 MUL
220 127 221 ADD
171 174 222 MUL
173 174 223 MUL
223 176 224 ADD
180 69 225 MUL
182 69 226 MUL
226 101 227 ADD
180 135 228 MUL
182 135 229 MUL
229 137 230 ADD
180 183 231 MUL
182 183 232 MUL
232 185 233 ADD
180 186 234 MUL
182 186 235 MUL
235 188 236 ADD
192 77 237 MUL
194 77 238 MUL
238 109 239 ADD
192 147 240 MUL
194 147 241 MUL
241 149 242 ADD
192 195 243 MUL
194 195 244 MUL
244 197 245 ADD
192 198 246 MUL
194 198 247 MUL
247 200 248 ADD
204 85 249 MUL
206 85 250 MUL
250 117 251 ADD
204 159 252 MUL
206 159 253 MUL
253 161 254 ADD
204 207 255 MUL
206 207 256 MUL
256 209 257 ADD
204 210 258 MUL
206 210 259 MUL
259 212 260 ADD
216 93 261 MUL
218 93 262 MUL
262 125 263 ADD
216 171 264 MUL
218 171 265 MUL
265 173 266 ADD
216 219 267 MUL
218 219 268 MUL
268 221 269 ADD
216 222 270 MUL
218 222 271 MUL
271 224 272 ADD
234 73 273 MUL
236 73 274 MUL
274 105 275 ADD
234 141 276 MUL
236 141 277 MUL
277 143 278 ADD
234 189 279 MUL
236 189 280 MUL
280 191 281 ADD
234 192 282 MUL
236 192 283 MUL
283 194 284 ADD
234 237 285 MUL
236 237 286 MUL
286 239 287 ADD
234 240 288 MUL
236 240 289 MUL
289 242 290 ADD
234 243 291 MUL
236 243 292 MUL
292 245 293 ADD
234 246 294 MUL
236 246 295 MUL
295 248 296 ADD
258 89 297 MUL
260 89 298 MUL
298 121 299 ADD
258 165 300 MUL
260 165 301 MUL
301 167 302 ADD
258 213 303 MUL
260 213 304 MUL
304 215 305 ADD
258 216 306 MUL
260 216 307 MUL
307 218 308 ADD
258 261 309 MUL
260 261 310 MUL
310 263 311 ADD
258 264 312 MUL
260 264 313 MUL
313 266 314 ADD
258 267 315 MUL
260 267 316 MUL
316 269 317 ADD
258 270 318 MUL
260 270 319 MUL
319 272 320 ADD
294 81 321 MUL
296 81 322 MUL
322 113 323 ADD
294 153 324 MUL
296 153 325 MUL
325 155 326 ADD
294 201 327 MUL
296 201 328 MUL
328 203 329 ADD
294 204 330 MUL
296 204 331 MUL
331 206 332 ADD
294 249 333 MUL
296 249 334 MUL
334 251 335 ADD
294 252 336 MUL
296 252 337 MUL
337 254 338 ADD
294 255 339 MUL
296 255 340 MUL
340 257 341 ADD
294 258 342 MUL
296 258 343 MUL
343 260 344 ADD
294 297 345 MUL
296 297 346 MUL
346 299 347 ADD
294 300 348 MUL
296 300 349 MUL
349 302 350 ADD
294 303 351 MUL
296 303 352 MUL
352 305 353 ADD
294 306 354 MUL
296 306 355 MUL
355 308 356 ADD
294 309 357 MUL
296 309 358 MUL
358 311 359 ADD
294 312 360 MUL
296 312 361 MUL
361 314 362 ADD
294 315 363 MUL
296 315 364 MUL
364 317 365 ADD
294 318 366 MUL
296 318 367 MUL
367 320 368 ADD
96 365 369 ADD
95 362 370 ADD
94 359 371 ADD
93 356 372 ADD
92 353 373 ADD
91 350 374 ADD
90 347 375 ADD
89 344 376 ADD
88 341 377 ADD
87 338 378 ADD
86 335 379 ADD
85 332 380 ADD
84 329 381 ADD
83 326 382 ADD
82 323 383 ADD
81 296 384 ADD
80 293 385 ADD
79 290 386 ADD
78 287 387 ADD
77 284 388 ADD
76 281 389 ADD
75 278 390 ADD
74 275 391 ADD
73 236 392 ADD
72 233 393 ADD
71 230 394 ADD
70 227 395 ADD
69 182 396 ADD
68 179 397 ADD
67 131 398 ADD
66 97 399 ADD
65 0 400 ADD