2 256 32 512
30 19 256 ADD
31 20 257 ADD
0 21 258 ADD
1 22 259 ADD
2 23 260 ADD
3 24 261 ADD
4 25 262 ADD
5 26 263 ADD
6 27 264 ADD
7 28 265 ADD
8 29 266 ADD
9 30 267 ADD
10 31 268 ADD
11 0 269 ADD
12 1 270 ADD
13 2 271 ADD
14 3 272 ADD
15 4 273 ADD
16 5 274 ADD
17 6 275 ADD
18 7 276 ADD
19 8 277 ADD
20 9 278 ADD
21 10 279 ADD
22 11 280 ADD
23 12 281 ADD
24 13 282 ADD
25 14 283 ADD
26 15 284 ADD
27 16 285 ADD
28 17 286 ADD
29 18 287 ADD
10 256 288 ADD
11 257 289 ADD
12 258 290 ADD
13 259 291 ADD
14 260 292 ADD
15 261 293 ADD
16 262 294 ADD
17 263 295 ADD
18 264 296 ADD
19 265 297 ADD
20 266 298 ADD
21 267 299 ADD
22 268 300 ADD
23 269 301 ADD
24 270 302 ADD
25 271 303 ADD
26 272 304 ADD
27 273 305 ADD
28 274 306 ADD
29 275 307 ADD
30 276 308 ADD
31 277 309 ADD
0 278 310 ADD
1 279 311 ADD
2 280 312 ADD
3 281 313 ADD
4 282 314 ADD
5 283 315 ADD
6 284 316 ADD
7 285 317 ADD
8 286 318 ADD
9 287 319 ADD
58 53 320 ADD
59 54 321 ADD
60 55 322 ADD
61 56 323 ADD
62 57 324 ADD
63 58 325 ADD
32 59 326 ADD
33 60 327 ADD
34 61 328 ADD
35 62 329 ADD
36 63 330 ADD
37 32 331 ADD
38 33 332 ADD
39 34 333 ADD
40 35 334 ADD
41 36 335 ADD
42 37 336 ADD
43 38 337 ADD
44 39 338 ADD
45 40 339 ADD
46 41 340 ADD
47 42 341 ADD
48 43 342 ADD
49 44 343 ADD
50 45 344 ADD
51 46 345 ADD
52 47 346 ADD
53 48 347 ADD
54 49 348 ADD
55 50 349 ADD
56 51 350 ADD
57 52 351 ADD
39 320 352 ADD
40 321 353 ADD
41 322 354 ADD
42 323 355 ADD
43 324 356 ADD
44 325 357 ADD
45 326 358 ADD
46 327 359 ADD
47 328 360 ADD
48 329 361 ADD
49 330 362 ADD
50 331 363 ADD
51 332 364 ADD
52 333 365 ADD
53 334 366 ADD
54 335 367 ADD
55 336 368 ADD
56 337 369 ADD
57 338 370 ADD
58 339 371 ADD
59 340 372 ADD
60 341 373 ADD
61 342 374 ADD
62 343 375 ADD
63 344 376 ADD
32 345 377 ADD
33 346 378 ADD
34 347 379 ADD
35 348 380 ADD
36 349 381 ADD
37 350 382 ADD
38 351 383 ADD
352 68 384 ADD
353 69 385 ADD
354 70 386 ADD
355 71 387 ADD
356 72 388 ADD
357 73 389 ADD
358 74 390 ADD
359 75 391 ADD
360 76 392 ADD
361 77 393 ADD
362 78 394 ADD
363 79 395 ADD
364 80 396 ADD
365 81 397 ADD
366 82 398 ADD
367 83 399 ADD
368 84 400 ADD
369 85 401 ADD
370 86 402 ADD
371 87 403 ADD
372 88 404 ADD
373 89 405 ADD
374 90 406 ADD
375 91 407 ADD
376 92 408 ADD
377 93 409 ADD
378 94 410 ADD
379 95 411 ADD
380 96 412 ADD
381 97 413 ADD
382 98 414 ADD
383 99 415 ADD
288 384 416 MUL
289 385 417 MUL
290 386 418 MUL
291 387 419 MUL
292 388 420 MUL
293 389 421 MUL
294 390 422 MUL
295 391 423 MUL
296 392 424 MUL
297 393 425 MUL
298 394 426 MUL
299 395 427 MUL
300 396 428 MUL
301 397 429 MUL
302 398 430 MUL
303 399 431 MUL
304 400 432 MUL
305 401 433 MUL
306 402 434 MUL
307 403 435 MUL
308 404 436 MUL
309 405 437 MUL
310 406 438 MUL
311 407 439 MUL
312 408 440 MUL
313 409 441 MUL
314 410 442 MUL
315 411 443 MUL
316 412 444 MUL
317 413 445 MUL
318 414 446 MUL
319 415 447 MUL
352 68 448 MUL
353 69 449 MUL
354 70 450 MUL
355 71 451 MUL
356 72 452 MUL
357 73 453 MUL
358 74 454 MUL
359 75 455 MUL
360 76 456 MUL
361 77 457 MUL
362 78 458 MUL
363 79 459 MUL
364 80 460 MUL
365 81 461 MUL
366 82 462 MUL
367 83 463 MUL
368 84 464 MUL
369 85 465 MUL
370 86 466 MUL
371 87 467 MUL
372 88 468 MUL
373 89 469 MUL
374 90 470 MUL
375 91 471 MUL
376 92 472 MUL
377 93 473 MUL
378 94 474 MUL
379 95 475 MUL
380 96 476 MUL
381 97 477 MUL
382 98 478 MUL
383 99 479 MUL
416 448 480 ADD
417 449 481 ADD
418 450 482 ADD
419 451 483 ADD
420 452 484 ADD
421 453 485 ADD
422 454 486 ADD
423 455 487 ADD
424 456 488 ADD
425 457 489 ADD
426 458 490 ADD
427 459 491 ADD
428 460 492 ADD
429 461 493 ADD
430 462 494 ADD
431 463 495 ADD
432 464 496 ADD
433 465 497 ADD
434 466 498 ADD
435 467 499 ADD
436 468 500 ADD
437 469 501 ADD
438 470 502 ADD
439 471 503 ADD
440 472 504 ADD
441 473 505 ADD
442 474 506 ADD
443 475 507 ADD
444 476 508 ADD
445 477 509 ADD
446 478 510 ADD
447 479 511 ADD