2 64 32 225
C 0 1
C 1 0
C 2 0
C 3 0
C 4 0
C 5 0
C 6 0
C 7 0
C 8 0
C 9 0
C 10 0
C 11 0
C 12 0
C 13 0
C 14 0
C 15 0
C 16 0
C 17 0
C 18 0
C 19 0
C 20 0
C 21 0
C 22 0
C 23 0
C 24 0
C 25 0
C 26 0
C 27 0
C 28 0
C 29 0
C 30 1
C 31 1
C 32 1
0 32 97 ADD
1 32 98 ADD
2 32 99 ADD
3 32 100 ADD
4 32 101 ADD
5 32 102 ADD
6 32 103 ADD
7 32 104 ADD
8 32 105 ADD
9 32 106 ADD
10 32 107 ADD
11 32 108 ADD
12 32 109 ADD
13 32 110 ADD
14 32 111 ADD
15 32 112 ADD
16 32 113 ADD
17 32 114 ADD
18 32 115 ADD
19 32 116 ADD
20 32 117 ADD
21 32 118 ADD
22 32 119 ADD
23 32 120 ADD
24 32 121 ADD
25 32 122 ADD
26 32 123 ADD
27 32 124 ADD
28 32 125 ADD
29 32 126 ADD
30 32 127 ADD
31 32 128 ADD
0 33 129 MUL
1 34 130 MUL
2 35 131 MUL
3 36 132 MUL
4 37 133 MUL
5 38 134 MUL
6 39 135 MUL
7 40 136 MUL
8 41 137 MUL
9 42 138 MUL
10 43 139 MUL
11 44 140 MUL
12 45 141 MUL
13 46 142 MUL
14 47 143 MUL
15 48 144 MUL
16 49 145 MUL
17 50 146 MUL
18 51 147 MUL
19 52 148 MUL
20 53 149 MUL
21 54 150 MUL
22 55 151 MUL
23 56 152 MUL
24 57 153 MUL
25 58 154 MUL
26 59 155 MUL
27 60 156 MUL
28 61 157 MUL
29 62 158 MUL
30 63 159 MUL
31 64 160 MUL
97 65 161 MUL
98 66 162 MUL
99 67 163 MUL
100 68 164 MUL
101 69 165 MUL
102 70 166 MUL
103 71 167 MUL
104 72 168 MUL
105 73 169 MUL
106 74 170 MUL
107 75 171 MUL
108 76 172 MUL
109 77 173 MUL
110 78 174 MUL
111 79 175 MUL
112 80 176 MUL
113 81 177 MUL
114 82 178 MUL
115 83 179 MUL
116 84 180 MUL
117 85 181 MUL
118 86 182 MUL
119 87 183 MUL
120 88 184 MUL
121 89 185 MUL
122 90 186 MUL
123 91 187 MUL
124 92 188 MUL
125 93 189 MUL
126 94 190 MUL
127 95 191 MUL
128 96 192 MUL
129 161 193 ADD
130 162 194 ADD
131 163 195 ADD
132 164 196 ADD
133 165 197 ADD
134 166 198 ADD
135 167 199 ADD
136 168 200 ADD
137 169 201 ADD
138 170 202 ADD
139 171 203 ADD
140 172 204 ADD
141 173 205 ADD
142 174 206 ADD
143 175 207 ADD
144 176 208 ADD
145 177 209 ADD
146 178 210 ADD
147 179 211 ADD
148 180 212 ADD
149 181 213 ADD
150 182 214 ADD
151 183 215 ADD
152 184 216 ADD
153 185 217 ADD
154 186 218 ADD
155 187 219 ADD
156 188 220 ADD
157 189 221 ADD
158 190 222 ADD
159 191 223 ADD
160 192 224 ADD