2 96 32 353
C 0 0
26 15 97 ADD
27 16 98 ADD
28 17 99 ADD
29 18 100 ADD
30 19 101 ADD
31 20 102 ADD
32 21 103 ADD
1 22 104 ADD
2 23 105 ADD
3 24 106 ADD
4 25 107 ADD
5 26 108 ADD
6 27 109 ADD
7 28 110 ADD
8 29 111 ADD
9 30 112 ADD
10 31 113 ADD
11 32 114 ADD
12 1 115 ADD
13 2 116 ADD
14 3 117 ADD
15 4 118 ADD
16 5 119 ADD
17 6 120 ADD
18 7 121 ADD
19 8 122 ADD
20 9 123 ADD
21 10 124 ADD
22 11 125 ADD
23 12 126 ADD
24 13 127 ADD
25 14 128 ADD
0 97 129 ADD
0 98 130 ADD
0 99 131 ADD
1 100 132 ADD
2 101 133 ADD
3 102 134 ADD
4 103 135 ADD
5 104 136 ADD
6 105 137 ADD
7 106 138 ADD
8 107 139 ADD
9 108 140 ADD
10 109 141 ADD
11 110 142 ADD
12 111 143 ADD
13 112 144 ADD
14 113 145 ADD
15 114 146 ADD
16 115 147 ADD
17 116 148 ADD
18 117 149 ADD
19 118 150 ADD
20 119 151 ADD
21 120 152 ADD
22 121 153 ADD
23 122 154 ADD
24 123 155 ADD
25 124 156 ADD
26 125 157 ADD
27 126 158 ADD
28 127 159 ADD
29 128 160 ADD
48 46 161 ADD
49 47 162 ADD
50 48 163 ADD
51 49 164 ADD
52 50 165 ADD
53 51 166 ADD
54 52 167 ADD
55 53 168 ADD
56 54 169 ADD
57 55 170 ADD
58 56 171 ADD
59 57 172 ADD
60 58 173 ADD
61 59 174 ADD
62 60 175 ADD
63 61 176 ADD
64 62 177 ADD
33 63 178 ADD
34 64 179 ADD
35 33 180 ADD
36 34 181 ADD
37 35 182 ADD
38 36 183 ADD
39 37 184 ADD
40 38 185 ADD
41 39 186 ADD
42 40 187 ADD
43 41 188 ADD
44 42 189 ADD
45 43 190 ADD
46 44 191 ADD
47 45 192 ADD
0 161 193 ADD
0 162 194 ADD
0 163 195 ADD
0 164 196 ADD
0 165 197 ADD
0 166 198 ADD
0 167 199 ADD
0 168 200 ADD
0 169 201 ADD
0 170 202 ADD
33 171 203 ADD
34 172 204 ADD
35 173 205 ADD
36 174 206 ADD
37 175 207 ADD
38 176 208 ADD
39 177 209 ADD
40 178 210 ADD
41 179 211 ADD
42 180 212 ADD
43 181 213 ADD
44 182 214 ADD
45 183 215 ADD
46 184 216 ADD
47 185 217 ADD
48 186 218 ADD
49 187 219 ADD
50 188 220 ADD
51 189 221 ADD
52 190 222 ADD
53 191 223 ADD
54 192 224 ADD
193 65 225 ADD
194 66 226 ADD
195 67 227 ADD
196 68 228 ADD
197 69 229 ADD
198 70 230 ADD
199 71 231 ADD
200 72 232 ADD
201 73 233 ADD
202 74 234 ADD
203 75 235 ADD
204 76 236 ADD
205 77 237 ADD
206 78 238 ADD
207 79 239 ADD
208 80 240 ADD
209 81 241 ADD
210 82 242 ADD
211 83 243 ADD
212 84 244 ADD
213 85 245 ADD
214 86 246 ADD
215 87 247 ADD
216 88 248 ADD
217 89 249 ADD
218 90 250 ADD
219 91 251 ADD
220 92 252 ADD
221 93 253 ADD
222 94 254 ADD
223 95 255 ADD
224 96 256 ADD
129 225 257 MUL
130 226 258 MUL
131 227 259 MUL
132 228 260 MUL
133 229 261 MUL
134 230 262 MUL
135 231 263 MUL
136 232 264 MUL
137 233 265 MUL
138 234 266 MUL
139 235 267 MUL
140 236 268 MUL
141 237 269 MUL
142 238 270 MUL
143 239 271 MUL
144 240 272 MUL
145 241 273 MUL
146 242 274 MUL
147 243 275 MUL
148 244 276 MUL
149 245 277 MUL
150 246 278 MUL
151 247 279 MUL
152 248 280 MUL
153 249 281 MUL
154 250 282 MUL
155 251 283 MUL
156 252 284 MUL
157 253 285 MUL
158 254 286 MUL
159 255 287 MUL
160 256 288 MUL
193 65 289 MUL
194 66 290 MUL
195 67 291 MUL
196 68 292 MUL
197 69 293 MUL
198 70 294 MUL
199 71 295 MUL
200 72 296 MUL
201 73 297 MUL
202 74 298 MUL
203 75 299 MUL
204 76 300 MUL
205 77 301 MUL
206 78 302 MUL
207 79 303 MUL
208 80 304 MUL
209 81 305 MUL
210 82 306 MUL
211 83 307 MUL
212 84 308 MUL
213 85 309 MUL
214 86 310 MUL
215 87 311 MUL
216 88 312 MUL
217 89 313 MUL
218 90 314 MUL
219 91 315 MUL
220 92 316 MUL
221 93 317 MUL
222 94 318 MUL
223 95 319 MUL
224 96 320 MUL
257 289 321 ADD
258 290 322 ADD
259 291 323 ADD
260 292 324 ADD
261 293 325 ADD
262 294 326 ADD
263 295 327 ADD
264 296 328 ADD
265 297 329 ADD
266 298 330 ADD
267 299 331 ADD
268 300 332 ADD
269 301 333 ADD
270 302 334 ADD
271 303 335 ADD
272 304 336 ADD
273 305 337 ADD
274 306 338 ADD
275 307 339 ADD
276 308 340 ADD
277 309 341 ADD
278 310 342 ADD
279 311 343 ADD
280 312 344 ADD
281 313 345 ADD
282 314 346 ADD
283 315 347 ADD
284 316 348 ADD
285 317 349 ADD
286 318 350 ADD
287 319 351 ADD
288 320 352 ADD